time: 0
19999.97265625 19999.9765625 19999.982421875 19999.986328125 19999.990234375 19999.99609375 20000 20000.00390625 20000.009765625 20000.013671875 
19999.97265625 19999.9765625 19999.982421875 19999.986328125 19999.990234375 19999.99609375 20000 20000.00390625 20000.009765625 20000.013671875 
19999.97265625 19999.9765625 19999.982421875 19999.986328125 19999.990234375 19999.99609375 20000 20000.00390625 20000.009765625 20000.013671875 
19999.97265625 19999.9765625 19999.982421875 19999.986328125 19999.990234375 19999.99609375 20000 20000.00390625 20000.009765625 20000.013671875 
19999.97265625 19999.9765625 19999.982421875 19999.986328125 19999.990234375 19999.99609375 20000 20000.00390625 20000.009765625 20000.013671875 
19999.97265625 19999.9765625 19999.982421875 19999.986328125 19999.990234375 19999.99609375 20000 20000.00390625 20000.009765625 20000.013671875 
19999.97265625 19999.9765625 19999.982421875 19999.986328125 19999.990234375 19999.99609375 20000 20000.00390625 20000.009765625 20000.013671875 
19999.97265625 19999.9765625 19999.982421875 19999.986328125 19999.990234375 19999.99609375 20000 20000.00390625 20000.009765625 20000.013671875 
19999.97265625 19999.9765625 19999.982421875 19999.986328125 19999.990234375 19999.99609375 20000 20000.00390625 20000.009765625 20000.013671875 
19999.97265625 19999.9765625 19999.982421875 19999.986328125 19999.990234375 19999.99609375 20000 20000.00390625 20000.009765625 20000.013671875 
time: 0.1000000014901161
19999.97265625 19999.9765625 19999.982421875 19999.986328125 19999.990234375 19999.99609375 20000 20000.00390625 20000.009765625 20000.013671875 
19999.97265625 19999.9765625 19999.982421875 19999.986328125 19999.990234375 19999.99609375 20000 20000.00390625 20000.009765625 20000.013671875 
19999.97265625 19999.9765625 19999.982421875 19999.986328125 19999.990234375 19999.99609375 20000 20000.00390625 20000.009765625 20000.013671875 
19999.97265625 19999.9765625 19999.982421875 19999.986328125 19999.990234375 19999.99609375 20000 20000.00390625 20000.009765625 20000.013671875 
19999.97265625 19999.9765625 19999.982421875 19999.986328125 19999.990234375 19999.99609375 20000 20000.00390625 20000.009765625 20000.013671875 
19999.97265625 19999.9765625 19999.982421875 19999.986328125 19999.990234375 19999.99609375 20000 20000.00390625 20000.009765625 20000.013671875 
19999.97265625 19999.9765625 19999.982421875 19999.986328125 19999.990234375 19999.99609375 20000 20000.00390625 20000.009765625 20000.013671875 
19999.97265625 19999.9765625 19999.982421875 19999.986328125 19999.990234375 19999.99609375 20000 20000.00390625 20000.009765625 20000.013671875 
19999.97265625 19999.9765625 19999.982421875 19999.986328125 19999.990234375 19999.99609375 20000 20000.00390625 20000.009765625 20000.013671875 
19671.84765625 19523.4140625 19703.107421875 19671.861328125 19523.427734375 19703.12109375 19703.125 19523.44140625 19671.884765625 400020576 
time: 0.2000000029802322
20003.41015625 19996.5390625 19999.982421875 20003.423828125 19996.552734375 19999.99609375 20003.4375 19996.56640625 19993.134765625 20000.013671875 
20003.41015625 19996.5390625 19999.982421875 20003.423828125 19996.552734375 19999.99609375 20003.4375 19996.56640625 19993.134765625 20000.013671875 
20003.41015625 19996.5390625 19999.982421875 20003.423828125 19996.552734375 19999.99609375 20003.4375 19996.56640625 19993.134765625 20000.013671875 
20003.41015625 19996.5390625 19999.982421875 20003.423828125 19996.552734375 19999.99609375 20003.4375 19996.56640625 19993.134765625 20000.013671875 
20003.41015625 19996.5390625 19999.982421875 20003.423828125 19996.552734375 19999.99609375 20003.4375 19996.56640625 19993.134765625 20000.013671875 
20003.41015625 19996.5390625 19999.982421875 20003.423828125 19996.552734375 19999.99609375 20003.4375 19996.56640625 19993.134765625 20000.013671875 
20003.41015625 19996.5390625 19999.982421875 20003.423828125 19996.552734375 19999.99609375 20003.4375 19996.56640625 19993.134765625 20000.013671875 
20003.41015625 19996.5390625 19999.982421875 20003.423828125 19996.552734375 19999.99609375 20003.4375 19996.56640625 19993.134765625 20000.013671875 
-44742376 -41617408 -43179924 -44742432 -41617468 -43179984 -44742500 -41617524 -40055048 -43180056 
90864888 77301760 86373080 90865000 77301880 85136872 92245792 78529528 -15799956799488 3.200266718790287e+17 
time: 0.300000011920929
20010.279296875 19989.669921875 19999.986328125 20010.29296875 19989.68359375 20000 20010.306640625 19989.6875 19979.396484375 20000.013671875 
20010.279296875 19989.669921875 19999.986328125 20010.29296875 19989.68359375 20000 20010.306640625 19989.6875 19979.396484375 20000.013671875 
20010.279296875 19989.669921875 19999.986328125 20010.29296875 19989.68359375 20000 20010.306640625 19989.6875 19979.396484375 20000.013671875 
20010.279296875 19989.669921875 19999.986328125 20010.29296875 19989.68359375 20000 20010.306640625 19989.6875 19979.396484375 20000.013671875 
20010.279296875 19989.669921875 19999.986328125 20010.29296875 19989.68359375 20000 20010.306640625 19989.6875 19979.396484375 20000.013671875 
20010.279296875 19989.669921875 19999.986328125 20010.29296875 19989.68359375 20000 20010.306640625 19989.6875 19979.396484375 20000.013671875 
20010.279296875 19989.669921875 19999.986328125 20010.29296875 19989.68359375 20000 20010.306640625 19989.6875 19979.396484375 20000.013671875 
-996400.6875 -1417788.125 -915148.4375 -996401.5625 -1417789.5 -915149.1875 -935141.9375 -1417786 -945561.5625 784001662976 
286217526575104 155067579629568 168008735522816 286217996337152 155068049391616 168009305948160 286328860180480 219547168669696 755506960400384 1.254510145355925e+25 
2235026758434816 -65051713077248 349248017137664 2235030650748928 32274420596736 120211520880640 2283391445630976 1.263302761148861e+21 5.066734744984516e+30 1.024201867721711e+35 
